{"type":"gt","t":1.5,"q":[1,0,0,0],"p":[0,0,0]}
{"type":"est","t":1.5,"q":[1,-9.3176e-05,-3.31383e-05,-9.4481e-05],"p":[0.00127326,0.0015934,0.00275199],"pos_err":0.00342543,"pcov":[0.39182,-6.38511e-09,1.45431e-05,-6.38511e-09,0.39182,3.45163e-05,1.45431e-05,3.45163e-05,0.0112969]}
{"type":"gt","t":1.55,"q":[0.99999,0,0,0.00449931],"p":[0.000224983,0.0149978,0.0089946]}
{"type":"est","t":1.55,"q":[0.999992,-0.000103087,-3.37395e-05,0.00394494],"p":[0.00157883,0.00170515,0.00279468],"pos_err":0.0147297,"pcov":[0.451854,-7.63082e-09,1.81354e-05,-7.63082e-09,0.451854,4.05823e-05,1.81354e-05,4.05823e-05,0.0121227]}
{"type":"gt","t":1.6,"q":[0.99996,0,0,0.00899448],"p":[0.00089973,0.029982,0.0179568]}
{"type":"est","t":1.6,"q":[0.999964,-9.36934e-05,-1.21644e-06,0.00842975],"p":[0.00234119,0.00182274,0.0028042],"pos_err":0.0320097,"pcov":[0.519174,-9.23607e-09,2.31211e-05,-9.23607e-09,0.519174,4.75591e-05,2.31211e-05,4.75591e-05,0.0130061]}
{"type":"gt","t":1.65,"q":[0.999909,0,0,0.0134814],"p":[0.00202363,0.0449393,0.0268544]}
{"type":"est","t":1.65,"q":[0.999917,-0.000106047,-5.35877e-06,0.0129117],"p":[0.00354016,0.00192236,0.00276673],"pos_err":0.0493252,"pcov":[0.594462,-1.14448e-08,3.06188e-05,-1.14448e-08,0.594462,5.55163e-05,3.06188e-05,5.55163e-05,0.0139502]}
{"type":"gt","t":1.7,"q":[0.999839,0,0,0.0179559],"p":[0.00359568,0.0598561,0.0356554]}
{"type":"est","t":1.7,"q":[0.999849,-0.000106543,-4.59738e-05,0.0173805],"p":[0.00517869,0.00197986,0.00263679],"pos_err":0.0666513,"pcov":[0.678442,-1.46564e-08,4.20547e-05,-1.46564e-08,0.678442,6.44508e-05,4.20547e-05,6.44508e-05,0.014958]}
{"type":"gt","t":1.75,"q":[0.999749,0,0,0.0224138],"p":[0.00561446,0.0747191,0.044328]}
{"type":"est","t":1.75,"q":[0.999762,-0.000105446,-1.82552e-05,0.0218274],"p":[0.00728632,0.00198603,0.00237781],"pos_err":0.0839804,"pcov":[0.771892,-1.9073e-08,5.92937e-05,-1.9073e-08,0.771892,7.42649e-05,5.92937e-05,7.42649e-05,0.0160326]}
{"type":"gt","t":1.8,"q":[0.999639,0,0,0.0268512],"p":[0.00807815,0.0895148,0.0528411]}
{"type":"est","t":1.8,"q":[0.998088,0.00526306,0.00112114,0.0615739],"p":[0.0805489,0.0584836,0.00214224],"pos_err":0.09373,"pcov":[0.0787568,-0.0510203,0.0183538,-0.0510203,0.0469502,-0.0119237,0.0183538,-0.0119237,0.01554]}
{"type":"gt","t":1.85,"q":[0.999511,0,0,0.0312639],"p":[0.0109845,0.10423,0.0611641]}
{"type":"est","t":1.85,"q":[0.997804,0.00547691,0.00112154,0.065998],"p":[0.0846268,0.0593782,0.00497048],"pos_err":0.10292,"pcov":[0.0845443,-0.0554719,0.0189725,-0.0554719,0.0499044,-0.0123493,0.0189725,-0.0123493,0.0168965]}
{"type":"gt","t":1.9,"q":[0.999364,0,0,0.0356478],"p":[0.014331,0.118851,0.0692669]}
{"type":"est","t":1.9,"q":[0.996638,0.0113122,-0.00807568,0.0807438],"p":[0.11156,0.0624703,0.0121022],"pos_err":0.126096,"pcov":[0.0117493,-0.00292354,-0.000377718,-0.00292354,0.00755386,-4.82736e-05,-0.000377718,-4.82736e-05,0.00388347]}
{"type":"gt","t":1.95,"q":[0.9992,0,0,0.039999],"p":[0.0181146,0.133366,0.0771204]}
{"type":"est","t":1.95,"q":[0.99627,0.0117421,-0.00831182,0.0850867],"p":[0.114914,0.061472,0.0141095],"pos_err":0.136049,"pcov":[0.0114765,-0.00274069,-0.000297254,-0.00274069,0.00733694,-5.4184e-05,-0.000297254,-5.4184e-05,0.00391338]}
{"type":"gt","t":2,"q":[0.999018,0,0,0.0443135],"p":[0.0223318,0.14776,0.0846964]}
{"type":"est","t":2,"q":[0.995888,0.0121974,-0.00850263,0.0893609],"p":[0.118363,0.0598082,0.0158366],"pos_err":0.147307,"pcov":[0.0113805,-0.00263674,-0.00014929,-0.00263674,0.00713665,-6.66774e-05,-0.00014929,-6.66774e-05,0.00396558]}
{"type":"gt","t":2.05,"q":[0.998819,0,0,0.0485873],"p":[0.0269788,0.162022,0.0919675]}
{"type":"est","t":2.05,"q":[0.995765,-0.00393014,0.019768,0.0896996],"p":[0.123397,-0.00588264,-0.0282791],"pos_err":0.22792,"pcov":[0.002684,2.99169e-05,1.24942e-05,2.99169e-05,0.00265698,3.48016e-06,1.24942e-05,3.48016e-06,0.00253734]}
{"type":"gt","t":2.1,"q":[0.998604,0,0,0.0528165],"p":[0.0320516,0.176137,0.0989077]}
{"type":"est","t":2.1,"q":[0.995294,-0.00380812,0.0197848,0.0947789],"p":[0.126371,-0.00751553,-0.0295275],"pos_err":0.243146,"pcov":[0.00268416,2.99271e-05,1.26534e-05,2.99271e-05,0.00265729,3.46615e-06,1.26534e-05,3.46615e-06,0.00253714]}
{"type":"gt","t":2.15,"q":[0.998374,0,0,0.0569974],"p":[0.0375455,0.190094,0.105492]}
{"type":"est","t":2.15,"q":[0.994804,-0.00366767,0.0198192,0.099791],"p":[0.129964,-0.00933326,-0.0310546],"pos_err":0.258762,"pcov":[0.00268444,2.98878e-05,1.28112e-05,2.98878e-05,0.00265767,3.43686e-06,1.28112e-05,3.43686e-06,0.00253682]}
{"type":"gt","t":2.2,"q":[0.99813,0,0,0.0611259],"p":[0.0434555,0.20388,0.111696]}
{"type":"est","t":2.2,"q":[0.994296,-0.00354948,0.0197973,0.10474],"p":[0.134132,-0.011327,-0.0329109],"pos_err":0.274677,"pcov":[0.00268492,2.981e-05,1.29703e-05,2.981e-05,0.00265816,3.39355e-06,1.29703e-05,3.39355e-06,0.00253639]}
{"type":"gt","t":2.25,"q":[0.997872,0,0,0.0651985],"p":[0.0497764,0.217483,0.117499]}
{"type":"est","t":2.25,"q":[0.993769,-0.00344309,0.0197979,0.109634],"p":[0.138916,-0.0135313,-0.035132],"pos_err":0.290877,"pcov":[0.00268565,2.97047e-05,1.31334e-05,2.97047e-05,0.00265882,3.33732e-06,1.31334e-05,3.33732e-06,0.00253586]}
{"type":"gt","t":2.3,"q":[0.997602,0,0,0.0692115],"p":[0.0565025,0.23089,0.122879]}
{"type":"est","t":2.3,"q":[0.993222,-0.00330724,0.0198564,0.114476],"p":[0.144312,-0.0160072,-0.0377403],"pos_err":0.307355,"pcov":[0.00268671,2.95835e-05,1.33032e-05,2.95835e-05,0.00265972,3.26902e-06,1.33032e-05,3.26902e-06,0.00253523]}
{"type":"gt","t":2.35,"q":[0.99732,0,0,0.0731612],"p":[0.0636277,0.244089,0.127816]}
{"type":"est","t":2.35,"q":[0.992656,-0.00319619,0.0198691,0.119282],"p":[0.150335,-0.018757,-0.0407526],"pos_err":0.32407,"pcov":[0.00268818,2.94583e-05,1.34827e-05,2.94583e-05,0.00266093,3.18921e-06,1.34827e-05,3.18921e-06,0.00253451]}
{"type":"gt","t":2.4,"q":[0.997028,0,0,0.077044],"p":[0.0711457,0.257068,0.132294]}
{"type":"est","t":2.4,"q":[0.992077,-0.00306587,0.0198888,0.124009],"p":[0.156973,-0.021795,-0.0441717],"pos_err":0.340985,"pcov":[0.00269014,2.93411e-05,1.36751e-05,2.93411e-05,0.0026625,3.09808e-06,1.36751e-05,3.09808e-06,0.0025337]}
{"type":"gt","t":2.45,"q":[0.996726,0,0,0.0808564],"p":[0.0790495,0.269816,0.136295]}
{"type":"est","t":2.45,"q":[0.991483,-0.00295467,0.0198883,0.128674],"p":[0.164217,-0.0251414,-0.0480125],"pos_err":0.358082,"pcov":[0.00269267,2.9244e-05,1.38834e-05,2.9244e-05,0.00266452,2.99541e-06,1.38834e-05,2.99541e-06,0.00253282]}
{"type":"gt","t":2.5,"q":[0.996415,0,0,0.0845951],"p":[0.0873322,0.282321,0.139806]}
{"type":"est","t":2.5,"q":[0.990882,-0.00284394,0.0199166,0.133222],"p":[0.172045,-0.0288259,-0.0522901],"pos_err":0.375353,"pcov":[0.00269588,2.91796e-05,1.41111e-05,2.91796e-05,0.00266708,2.88049e-06,1.41111e-05,2.88049e-06,0.00253188]}
{"type":"gt","t":2.55,"q":[0.996098,0,0,0.0882567],"p":[0.0959862,0.294572,0.142814]}
{"type":"est","t":2.55,"q":[0.99027,-0.00274201,0.0199355,0.137696],"p":[0.180442,-0.0328752,-0.0570412],"pos_err":0.392806,"pcov":[0.00269987,2.91603e-05,1.43614e-05,2.91603e-05,0.00267026,2.75193e-06,1.43614e-05,2.75193e-06,0.00253088]}
{"type":"gt","t":2.6,"q":[0.995774,0,0,0.0918379],"p":[0.105004,0.306558,0.145307]}
{"type":"est","t":2.6,"q":[0.987958,-0.0178674,0.0251958,0.151609],"p":[0.241109,-0.0553398,-0.0702426],"pos_err":0.44267,"pcov":[0.00266259,2.05778e-05,1.21495e-05,2.05778e-05,0.00262064,-1.71867e-06,1.21495e-05,-1.71867e-06,0.00252385]}
{"type":"gt","t":2.65,"q":[0.995445,0,0,0.0953356],"p":[0.114377,0.318269,0.147278]}
{"type":"est","t":2.65,"q":[0.987244,-0.0176614,0.0253819,0.156185],"p":[0.253409,-0.0565798,-0.0750823],"pos_err":0.457477,"pcov":[0.00266578,2.07608e-05,1.25495e-05,2.07608e-05,0.0026218,-1.64748e-06,1.25495e-05,-1.64748e-06,0.00252355]}
{"type":"gt","t":2.7,"q":[0.995113,0,0,0.0987465],"p":[0.124097,0.329692,0.148719]}
{"type":"est","t":2.7,"q":[0.986519,-0.0175024,0.0255635,0.160686],"p":[0.266583,-0.0579807,-0.0803151],"pos_err":0.472281,"pcov":[0.00266968,2.10147e-05,1.29521e-05,2.10147e-05,0.00262326,-1.57111e-06,1.29521e-05,-1.57111e-06,0.00252322]}
{"type":"gt","t":2.75,"q":[0.994777,0,0,0.102068],"p":[0.134156,0.340819,0.149624]}
{"type":"est","t":2.75,"q":[0.985789,-0.017299,0.02575,0.165102],"p":[0.28066,-0.059541,-0.0859766],"pos_err":0.487093,"pcov":[0.00267436,2.13519e-05,1.33528e-05,2.13519e-05,0.00262505,-1.48978e-06,1.33528e-05,-1.48978e-06,0.00252289]}
{"type":"gt","t":2.8,"q":[0.994441,0,0,0.105296],"p":[0.144543,0.35164,0.149991]}
{"type":"est","t":2.8,"q":[0.98506,-0.0171297,0.0258991,0.16939],"p":[0.295638,-0.0612975,-0.0920422],"pos_err":0.501923,"pcov":[0.00267992,2.17859e-05,1.37467e-05,2.17859e-05,0.00262722,-1.4037e-06,1.37467e-05,-1.4037e-06,0.00252255]}
{"type":"gt","t":2.85,"q":[0.994104,0,0,0.108429],"p":[0.155251,0.362144,0.149818]}
{"type":"est","t":2.85,"q":[0.98432,-0.0169753,0.0260756,0.173627],"p":[0.311508,-0.0632448,-0.0985546],"pos_err":0.516779,"pcov":[0.00268649,2.23317e-05,1.41291e-05,2.23317e-05,0.00262981,-1.31317e-06,1.41291e-05,-1.31317e-06,0.00252221]}
{"type":"gt","t":2.9,"q":[0.993768,0,0,0.111464],"p":[0.166269,0.372322,0.149106]}
{"type":"est","t":2.9,"q":[0.983493,-0.0158711,0.0257626,0.178396],"p":[0.330705,-0.063835,-0.105044],"pos_err":0.530909,"pcov":[0.00276226,2.28445e-05,2.14119e-05,2.28445e-05,0.00263422,-1.12276e-06,2.14119e-05,-1.12276e-06,0.00252274]}
{"type":"gt","t":2.95,"q":[0.993435,0,0,0.114398],"p":[0.177587,0.382164,0.147858]}
{"type":"est","t":2.95,"q":[0.982864,-0.0161148,0.0270447,0.181624],"p":[0.347688,-0.0661304,-0.113085],"pos_err":0.545888,"pcov":[0.00280417,2.16381e-05,2.59318e-05,2.16381e-05,0.00263717,-1.57762e-06,2.59318e-05,-1.57762e-06,0.00252384]}
{"type":"gt","t":3,"q":[0.993105,0,0,0.117229],"p":[0.189195,0.391663,0.146077]}
{"type":"est","t":3,"q":[0.982029,-0.0166589,0.0340692,0.184881],"p":[0.361906,-0.0685786,-0.126726],"pos_err":0.562204,"pcov":[0.00283067,2.21047e-05,2.74851e-05,2.21047e-05,0.00264131,-1.79774e-06,2.74851e-05,-1.79774e-06,0.0025243]}
{"type":"gt","t":3.05,"q":[0.99278,0,0,0.119953],"p":[0.201083,0.40081,0.143771]}
{"type":"est","t":3.05,"q":[0.981438,-0.016519,0.0342378,0.187972],"p":[0.381134,-0.0705499,-0.135353],"pos_err":0.576635,"pcov":[0.00287822,2.67048e-05,2.85734e-05,2.67048e-05,0.00265269,-1.35276e-06,2.85734e-05,-1.35276e-06,0.00252477]}
{"type":"gt","t":3.1,"q":[0.99246,0,0,0.12257],"p":[0.21324,0.409596,0.140947]}
{"type":"est","t":3.1,"q":[0.980856,-0.0163601,0.034374,0.190975],"p":[0.401717,-0.0727157,-0.144434],"pos_err":0.591261,"pcov":[0.00299347,3.42904e-05,2.98386e-05,3.42904e-05,0.00268353,2.55211e-07,2.98386e-05,2.55211e-07,0.00252693]}
{"type":"gt","t":3.15,"q":[0.992147,0,0,0.125075],"p":[0.225655,0.418013,0.137616]}
{"type":"est","t":3.15,"q":[0.942592,0.0510154,0.275832,0.181205],"p":[0.378026,-0.0838323,-0.383119],"pos_err":0.739074,"pcov":[0.00266491,6.18077e-06,9.88497e-06,6.18077e-06,0.00261645,2.03906e-06,9.88497e-06,2.03906e-06,0.00252156]}
{"type":"gt","t":3.2,"q":[0.991843,0,0,0.127468],"p":[0.238317,0.426054,0.133789]}
{"type":"est","t":3.2,"q":[0.942851,0.0528736,0.273086,0.183467],"p":[0.456505,-0.0919829,-0.414425],"pos_err":0.78518,"pcov":[0.00267913,1.91451e-06,9.84486e-06,1.91451e-06,0.00261895,2.488e-06,9.84486e-06,2.488e-06,0.00252227]}
{"type":"gt","t":3.25,"q":[0.991547,0,0,0.129747],"p":[0.251214,0.433712,0.129481]}
{"type":"est","t":3.25,"q":[0.943113,0.0547042,0.270361,0.185608],"p":[0.547802,-0.101336,-0.449875],"pos_err":0.842552,"pcov":[0.00271761,-6.35961e-07,1.41756e-05,-6.35961e-07,0.00262494,3.47958e-06,1.41756e-05,3.47958e-06,0.00252531]}
{"type":"gt","t":3.3,"q":[0.991262,0,0,0.131908],"p":[0.264336,0.440979,0.124708]}
{"type":"est","t":3.3,"q":[0.958766,0.038994,0.239146,0.148511],"p":[0.67361,-0.179909,-0.43988],"pos_err":0.933685,"pcov":[0.00276332,-3.62398e-06,1.29982e-05,-3.62398e-06,0.00263673,4.18683e-06,1.29982e-05,4.18683e-06,0.00252688]}
{"type":"gt","t":3.35,"q":[0.990988,0,0,0.133951],"p":[0.277669,0.447849,0.119485]}
{"type":"est","t":3.35,"q":[0.95903,0.04047,0.236836,0.15011],"p":[0.791233,-0.201415,-0.47559],"pos_err":1.01951,"pcov":[0.00284106,-3.29415e-06,1.18714e-05,-3.29415e-06,0.00266173,5.1719e-06,1.18714e-05,5.1719e-06,0.00252956]}
{"type":"gt","t":3.4,"q":[0.990726,0,0,0.135873],"p":[0.291203,0.454317,0.113832]}
{"type":"est","t":3.4,"q":[0.959312,0.0419234,0.234522,0.151532],"p":[0.919962,-0.22432,-0.514367],"pos_err":1.11827,"pcov":[0.00298024,4.3072e-06,1.2198e-05,4.3072e-06,0.00270991,6.03195e-06,1.2198e-05,6.03195e-06,0.00253446]}
{"type":"gt","t":3.45,"q":[0.990478,0,0,0.137674],"p":[0.304924,0.460375,0.10777]}
{"type":"est","t":3.45,"q":[0.959609,0.0433355,0.23218,0.152858],"p":[1.05971,-0.248689,-0.556105],"pos_err":1.23013,"pcov":[0.00323407,2.6831e-05,1.58315e-05,2.6831e-05,0.00280265,6.3879e-06,1.58315e-05,6.3879e-06,0.00254243]}
{"type":"gt","t":3.5,"q":[0.990243,0,0,0.139351],"p":[0.318821,0.46602,0.101319]}
{"type":"est","t":3.5,"q":[0.959903,0.0447243,0.229874,0.154093],"p":[1.21038,-0.274606,-0.600729],"pos_err":1.35509,"pcov":[0.00367965,7.54497e-05,2.57154e-05,7.54497e-05,0.00297301,5.96634e-06,2.57154e-05,5.96634e-06,0.00255463]}
{"type":"gt","t":3.55,"q":[0.990023,0,0,0.140903],"p":[0.332881,0.471244,0.0945046]}
{"type":"est","t":3.55,"q":[0.960215,0.0460824,0.227581,0.155149],"p":[1.37187,-0.302138,-0.648199],"pos_err":1.49306,"pcov":[0.00441843,0.000165197,4.60762e-05,0.000165197,0.00326613,4.68496e-06,4.60762e-05,4.68496e-06,0.0025726]}
{"type":"gt","t":3.6,"q":[0.989819,0,0,0.142329],"p":[0.347092,0.476045,0.0873496]}
{"type":"est","t":3.6,"q":[0.960543,0.0473801,0.225278,0.156086],"p":[1.54414,-0.331363,-0.698417],"pos_err":1.64385,"pcov":[0.00557667,0.000315334,8.26228e-05,0.000315334,0.0037397,2.7505e-06,8.26228e-05,2.7505e-06,0.00259833]}
{"type":"gt","t":3.65,"q":[0.989632,0,0,0.143627],"p":[0.36144,0.480418,0.0798802]}
{"type":"est","t":3.65,"q":[0.960876,0.0486715,0.222991,0.15692],"p":[1.7271,-0.362372,-0.751336],"pos_err":1.80728,"pcov":[0.00730595,0.000549744,0.000142761,0.000549744,0.00446456,7.80175e-07,0.000142761,7.80175e-07,0.00263431]}
{"type":"gt","t":3.7,"q":[0.989461,0,0,0.144796],"p":[0.375912,0.484358,0.0721234]}
{"type":"est","t":3.7,"q":[0.886306,0.105142,0.406436,0.195489],"p":[1.65516,-0.267643,-1.46401],"pos_err":2.13581,"pcov":[0.00290501,3.84925e-05,-4.85216e-05,3.84925e-05,0.00279756,-4.67912e-06,-4.85216e-05,-4.67912e-06,0.0025963]}
{"type":"gt","t":3.75,"q":[0.989309,0,0,0.145837],"p":[0.390497,0.487862,0.064107]}
{"type":"est","t":3.75,"q":[0.88629,0.106131,0.406165,0.195593],"p":[1.88982,-0.297116,-1.5996],"pos_err":2.3732,"pcov":[0.00295659,5.70665e-05,-6.43231e-05,5.70665e-05,0.00287195,-9.59265e-06,-6.43231e-05,-9.59265e-06,0.00262156]}
{"type":"gt","t":3.8,"q":[0.989174,0,0,0.146746],"p":[0.40518,0.490927,0.0558599]}
{"type":"est","t":3.8,"q":[0.886306,0.107078,0.40589,0.195572],"p":[2.14262,-0.328781,-1.74337],"pos_err":2.63208,"pcov":[0.00302911,8.28511e-05,-8.22285e-05,8.28511e-05,0.00297236,-1.64028e-05,-8.22285e-05,-1.64028e-05,0.00265461]}
{"type":"gt","t":3.85,"q":[0.989058,0,0,0.147525],"p":[0.419948,0.49355,0.0474117]}
{"type":"est","t":3.85,"q":[0.886348,0.107973,0.405617,0.195456],"p":[2.41357,-0.362683,-1.8953],"pos_err":2.91235,"pcov":[0.00313037,0.000117832,-0.000101966,0.000117832,0.00310649,-2.562e-05,-0.000101966,-2.562e-05,0.00269742]}
{"type":"gt","t":3.9,"q":[0.988962,0,0,0.148171],"p":[0.434788,0.495729,0.0387929]}
{"type":"est","t":3.9,"q":[0.876177,0.100846,0.407483,0.236858],"p":[2.72816,-0.122798,-2.06181],"pos_err":3.17091,"pcov":[0.00388157,0.000118363,-0.000127643,0.000118363,0.00350082,-3.33295e-05,-0.000127643,-3.33295e-05,0.0027535]}
{"type":"gt","t":3.95,"q":[0.988885,0,0,0.148685],"p":[0.449687,0.497462,0.0300345]}
{"type":"est","t":3.95,"q":[0.876278,0.101717,0.407283,0.236457],"p":[3.03773,-0.131822,-2.23006],"pos_err":3.49313,"pcov":[0.00410952,0.000155352,-0.000172622,0.000155352,0.0040507,-4.56726e-05,-0.000172622,-4.56726e-05,0.00282477]}
{"type":"gt","t":4,"q":[0.988827,0,0,0.149067],"p":[0.464631,0.498747,0.021168]}
{"type":"est","t":4,"q":[0.898491,0.0644597,0.402532,0.162869],"p":[3.34668,-0.854768,-2.2462],"pos_err":3.90885,"pcov":[0.00550694,2.54556e-05,-0.000338629,2.54556e-05,0.00487045,-5.4064e-05,-0.000338629,-5.4064e-05,0.00292599]}
{"type":"gt","t":4.05,"q":[0.98879,0,0,0.149315],"p":[0.479607,0.499584,0.0122253]}
{"type":"est","t":4.05,"q":[0.898309,0.0655836,0.402284,0.164037],"p":[3.68911,-0.928585,-2.41413],"pos_err":4.2694,"pcov":[0.00574217,5.94445e-05,-0.000530664,5.94445e-05,0.00631534,-9.68317e-05,-0.000530664,-9.68317e-05,0.00309976]}
{"type":"gt","t":4.1,"q":[0.988772,0,0,0.149429],"p":[0.494602,0.499971,0.00323865]}
{"type":"est","t":4.1,"q":[0.898154,0.0666263,0.402023,0.1651],"p":[4.04929,-1.00349,-2.58943],"pos_err":4.64953,"pcov":[0.00604793,0.000225128,-0.000735079,0.000225128,0.00850831,-0.000150976,-0.000735079,-0.000150976,0.0033793]}
{"type":"gt","t":4.15,"q":[0.988775,0,0,0.149411],"p":[0.509601,0.499908,-0.00575969]}
{"type":"est","t":4.15,"q":[0.898033,0.0676181,0.401753,0.166012],"p":[4.42721,-1.07951,-2.77205],"pos_err":5.04921,"pcov":[0.00650371,0.000581309,-0.000925125,0.000581309,0.0117024,-0.000211904,-0.000925125,-0.000211904,0.00380389]}
{"type":"gt","t":4.2,"q":[0.988798,0,0,0.149259],"p":[0.524592,0.499395,-0.0147373]}
{"type":"est","t":4.2,"q":[0.897919,0.0685528,0.401514,0.166817],"p":[4.82287,-1.15667,-2.96198],"pos_err":5.46845,"pcov":[0.00721745,0.00120005,-0.00106371,0.00120005,0.016209,-0.000271513,-0.00106371,-0.000271513,0.00442189]}
{"type":"gt","t":4.25,"q":[0.988841,0,0,0.148973],"p":[0.53956,0.498433,-0.0236619]}
{"type":"est","t":4.25,"q":[0.697514,0.168366,0.677032,0.16357],"p":[1.92967,-0.41,-5.78204],"pos_err":5.99304,"pcov":[0.00357579,-6.96593e-05,-0.000167622,-6.96593e-05,0.00312916,-2.4658e-05,-0.000167622,-2.4658e-05,0.00310438]}
{"type":"gt","t":4.3,"q":[0.988904,0,0,0.148555],"p":[0.554493,0.497022,-0.0325013]}
{"type":"est","t":4.3,"q":[0.69689,0.168624,0.677893,0.16239],"p":[2.21301,-0.444581,-6.23796],"pos_err":6.49192,"pcov":[0.00381777,-0.000118992,-0.000188833,-0.000118992,0.00327925,-4.02183e-05,-0.000188833,-4.02183e-05,0.00320529]}
{"type":"gt","t":4.35,"q":[0.988987,0,0,0.148003],"p":[0.569377,0.495163,-0.0412237]}
{"type":"est","t":4.35,"q":[0.696308,0.168795,0.678754,0.161109],"p":[2.52119,-0.481575,-6.71581],"pos_err":7.02237,"pcov":[0.00417713,-0.000191177,-0.000204103,-0.000191177,0.0034722,-6.25875e-05,-0.000204103,-6.25875e-05,0.00332333]}
{"type":"gt","t":4.4,"q":[0.989089,0,0,0.14732],"p":[0.584199,0.49286,-0.0497978]}
{"type":"est","t":4.4,"q":[0.695724,0.168887,0.679656,0.15973],"p":[2.85423,-0.520999,-7.21563],"pos_err":7.58486,"pcov":[0.00469346,-0.000292995,-0.000209208,-0.000292995,0.00371833,-9.37079e-05,-0.000209208,-9.37079e-05,0.00346141]}
{"type":"gt","t":4.45,"q":[0.98921,0,0,0.146504],"p":[0.598944,0.490112,-0.0581926]}
{"type":"est","t":4.45,"q":[0.69516,0.168861,0.680583,0.158257],"p":[3.21217,-0.562896,-7.73748],"pos_err":8.17981,"pcov":[0.00541266,-0.000432532,-0.000198906,-0.000432532,0.00402988,-0.000135913,-0.000198906,-0.000135913,0.00362287]}
{"type":"gt","t":4.5,"q":[0.98935,0,0,0.145558],"p":[0.613601,0.486924,-0.0663781]}
{"type":"est","t":4.5,"q":[0.694631,0.168747,0.681508,0.156716],"p":[3.59505,-0.607306,-8.28136],"pos_err":8.80751,"pcov":[0.00638717,-0.000619316,-0.000166825,-0.000619316,0.00442124,-0.000191978,-0.000166825,-0.000191978,0.00381153]}
{"type":"gt","t":4.55,"q":[0.989507,0,0,0.144482],"p":[0.628155,0.483297,-0.0743246]}
{"type":"est","t":4.55,"q":[0.694108,0.168562,0.682468,0.155042],"p":[4.0029,-0.654241,-8.84732],"pos_err":9.46829,"pcov":[0.00767612,-0.000864464,-0.000105346,-0.000864464,0.00490924,-0.000265178,-0.000105346,-0.000265178,0.00403175]}
{"type":"gt","t":4.6,"q":[0.989683,0,0,0.143276],"p":[0.642595,0.479236,-0.0820037]}
{"type":"est","t":4.6,"q":[0.693622,0.168268,0.683426,0.153308],"p":[4.43577,-0.703754,-9.43542],"pos_err":10.1624,"pcov":[0.00934558,-0.00118081,-5.47278e-06,-0.00118081,0.00551341,-0.000359338,-5.47278e-06,-0.000359338,0.00428848]}
{"type":"gt","t":4.65,"q":[0.989875,0,0,0.141942],"p":[0.656905,0.474743,-0.0893876]}
{"type":"est","t":4.65,"q":[0.693134,0.167901,0.684423,0.151461],"p":[4.89364,-0.755858,-10.0457],"pos_err":10.89,"pcov":[0.0114688,-0.00158307,0.000143296,-0.00158307,0.00625625,-0.000478903,0.000143296,-0.000478903,0.00458737]}
{"type":"gt","t":4.7,"q":[0.990083,0,0,0.140481],"p":[0.671075,0.469823,-0.0964498]}
{"type":"est","t":4.7,"q":[0.69266,0.167408,0.685444,0.149546],"p":[5.37657,-0.810607,-10.6781],"pos_err":11.6513,"pcov":[0.0141265,-0.00208799,0.000353109,-0.00208799,0.00716356,-0.000629,0.000353109,-0.000629,0.00493476]}
{"type":"gt","t":4.75,"q":[0.990307,0,0,0.138893],"p":[0.68509,0.46448,-0.103165]}
{"type":"est","t":4.75,"q":[0.692215,0.166837,0.686454,0.147596],"p":[5.88457,-0.868005,-11.3328],"pos_err":12.4465,"pcov":[0.0174069,-0.00271445,0.000637906,-0.00271445,0.00826476,-0.000815505,0.000637906,-0.000815505,0.00533782]}
{"type":"gt","t":4.8,"q":[0.990546,0,0,0.137182],"p":[0.698939,0.458719,-0.109509]}
{"type":"est","t":4.8,"q":[0.71068,0.151581,0.670676,0.148833],"p":[7.01484,-1.00594,-11.4945],"pos_err":13.1016,"pcov":[0.00783195,-0.000815619,-0.000679873,-0.000815619,0.00456937,-0.000129257,-0.000679873,-0.000129257,0.00512599]}
{"type":"gt","t":4.85,"q":[0.990798,0,0,0.135347],"p":[0.712609,0.452545,-0.115458]}
{"type":"est","t":4.85,"q":[0.709927,0.150793,0.672074,0.14691],"p":[7.59316,-1.06761,-12.1558],"pos_err":13.9507,"pcov":[0.00882446,-0.000992809,-0.000669161,-0.000992809,0.00493451,-0.000189302,-0.000669161,-0.000189302,0.00551344]}
{"type":"gt","t":4.9,"q":[0.991064,0,0,0.133391],"p":[0.726088,0.445964,-0.120993]}
{"type":"est","t":4.9,"q":[0.709204,0.149912,0.673464,0.144923],"p":[8.19651,-1.13162,-12.8382],"pos_err":14.8332,"pcov":[0.00998788,-0.00120203,-0.000633446,-0.00120203,0.00536037,-0.000264738,-0.000633446,-0.000264738,0.00595299]}
{"type":"gt","t":4.95,"q":[0.991341,0,0,0.131314],"p":[0.739363,0.438982,-0.126091]}
{"type":"est","t":4.95,"q":[0.708465,0.148944,0.674892,0.142876],"p":[8.82495,-1.19798,-13.5418],"pos_err":15.7492,"pcov":[0.0113445,-0.00144779,-0.000566761,-0.00144779,0.005855,-0.000358171,-0.000566761,-0.000358171,0.00645068]}
{"type":"gt","t":5,"q":[0.991629,0,0,0.12912],"p":[0.752423,0.431605,-0.130736]}
{"type":"est","t":5,"q":[0.707764,0.147868,0.676323,0.140682],"p":[9.47851,-1.2667,-14.2666],"pos_err":16.6988,"pcov":[0.0129184,-0.00173503,-0.000462337,-0.00173503,0.0064272,-0.000472502,-0.000462337,-0.000472502,0.00701312]}
{"type":"gt","t":5.05,"q":[0.991927,0,0,0.126809],"p":[0.765256,0.423839,-0.134911]}
{"type":"est","t":5.05,"q":[0.706111,0.141042,0.678505,0.145417],"p":[10.1923,-1.13058,-15.0023],"pos_err":17.6727,"pcov":[0.0187765,-0.00261437,-0.000311867,-0.00261437,0.0118728,-0.000635786,-0.000311867,-0.000635786,0.00764819]}
{"type":"gt","t":5.1,"q":[0.992234,0,0,0.124385],"p":[0.77785,0.415692,-0.1386]}
{"type":"est","t":5.1,"q":[0.705444,0.13983,0.679938,0.143111],"p":[10.8976,-1.19014,-15.7683],"pos_err":18.6889,"pcov":[0.0211743,-0.00305043,-0.000251065,-0.00305043,0.0196374,-0.00113237,-0.000251065,-0.00113237,0.00840601]}
{"type":"gt","t":5.15,"q":[0.992549,0,0,0.121848],"p":[0.790193,0.40717,-0.14179]}
{"type":"est","t":5.15,"q":[0.688047,0.145757,0.698857,0.130174],"p":[10.6971,-1.46923,-17.1337],"pos_err":19.7583,"pcov":[0.051238,-0.00445511,-0.000114559,-0.00445511,0.034068,-0.00206165,-0.000114559,-0.00206165,0.00923371]}
{"type":"gt","t":5.2,"q":[0.99287,0,0,0.119201],"p":[0.802276,0.398283,-0.14447]}
{"type":"est","t":5.2,"q":[0.74294,0.077889,0.646017,0.156955],"p":[14.3467,-1.0093,-15.5848],"pos_err":20.5873,"pcov":[0.0890762,-0.00587814,-0.00280798,-0.00587814,0.0572042,-0.00378633,-0.00280798,-0.00378633,0.0106592]}
{"type":"gt","t":5.25,"q":[0.993197,0,0,0.116446],"p":[0.814087,0.389037,-0.14663]}
{"type":"est","t":5.25,"q":[0.741737,0.0757741,0.648279,0.154334],"p":[15.2179,-1.04548,-16.3002],"pos_err":21.6902,"pcov":[0.0780429,-0.00812298,-0.0108121,-0.00812298,0.0928779,-0.0069467,-0.0108121,-0.0069467,0.0150001]}
{"type":"gt","t":5.3,"q":[0.993528,0,0,0.113586],"p":[0.825615,0.37944,-0.148262]}
{"type":"est","t":5.3,"q":[0.740534,0.0735618,0.650542,0.151632],"p":[16.1139,-1.0811,-17.0339],"pos_err":22.8252,"pcov":[0.0678197,-0.0102796,-0.0163788,-0.0102796,0.143872,-0.011485,-0.0163788,-0.011485,0.0241498]}
{"type":"gt","t":5.35,"q":[0.993862,0,0,0.110624],"p":[0.83685,0.369503,-0.14936]}
{"type":"est","t":5.35,"q":[0.739333,0.0713363,0.652796,0.148847],"p":[17.0347,-1.1161,-17.7861],"pos_err":23.9923,"pcov":[0.0598161,-0.0123478,-0.0181208,-0.0123478,0.213299,-0.0176255,-0.0181208,-0.0176255,0.0395614]}
{"type":"gt","t":5.4,"q":[0.994198,0,0,0.107561],"p":[0.847782,0.359232,-0.149921]}
{"type":"est","t":5.4,"q":[0.738133,0.069045,0.655039,0.146002],"p":[17.9804,-1.15043,-18.5569],"pos_err":25.1917,"pcov":[0.0557692,-0.0143337,-0.0144058,-0.0143337,0.304658,-0.0256044,-0.0144058,-0.0256044,0.0629097]}
{"type":"gt","t":5.45,"q":[0.994535,0,0,0.104401],"p":[0.858401,0.348639,-0.149943]}
{"type":"est","t":5.45,"q":[0.736915,0.0666572,0.657301,0.143067],"p":[18.951,-1.18408,-19.3464],"pos_err":26.4234,"pcov":[0.0577672,-0.0162492,-0.00333726,-0.0162492,0.421859,-0.0356676,-0.00333726,-0.0356676,0.0961078]}
{"type":"gt","t":5.5,"q":[0.994872,0,0,0.101146],"p":[0.868697,0.337732,-0.149425]}
{"type":"est","t":5.5,"q":[0.735696,0.0642199,0.65956,0.140029],"p":[19.9466,-1.21703,-20.1548],"pos_err":27.6875,"pcov":[0.0682731,-0.0181039,0.0172667,-0.0181039,0.569242,-0.048065,0.0172667,-0.048065,0.141326]}
{"type":"gt","t":5.55,"q":[0.995206,0,0,0.0977995],"p":[0.878661,0.32652,-0.148369]}
{"type":"est","t":5.55,"q":[0.734473,0.061727,0.6618,0.136964],"p":[20.9671,-1.24923,-20.982],"pos_err":28.984,"pcov":[0.0901508,-0.0199078,0.049894,-0.0199078,0.751619,-0.0630521,0.049894,-0.0630521,0.201006]}
{"type":"gt","t":5.6,"q":[0.995538,0,0,0.094364],"p":[0.888285,0.315015,-0.146779]}
{"type":"est","t":5.6,"q":[0.733281,0.0591584,0.663998,0.133813],"p":[22.0126,-1.28065,-21.8284],"pos_err":30.313,"pcov":[0.12669,-0.0216638,0.0973611,-0.0216638,0.974291,-0.0808828,0.0973611,-0.0808828,0.277883]}
{"type":"gt","t":5.65,"q":[0.995865,0,0,0.0908426],"p":[0.897559,0.303227,-0.144661]}
{"type":"est","t":5.65,"q":[0.732075,0.0565697,0.666198,0.130559],"p":[23.0831,-1.31128,-22.6939],"pos_err":31.6745,"pcov":[0.181636,-0.0233604,0.162836,-0.0233604,1.24309,-0.101803,0.162836,-0.101803,0.375003]}
{"type":"gt","t":5.7,"q":[0.996187,0,0,0.0872386],"p":[0.906476,0.291165,-0.142022]}
{"type":"est","t":5.7,"q":[0.730833,0.0539392,0.668407,0.127298],"p":[24.1786,-1.34107,-23.5786],"pos_err":33.0686,"pcov":[0.259213,-0.0249723,0.249859,-0.0249723,1.56437,-0.126053,0.249859,-0.126053,0.49574]}
{"type":"gt","t":5.75,"q":[0.996503,0,0,0.083555],"p":[0.915027,0.278842,-0.138872]}
{"type":"est","t":5.75,"q":[0.72964,0.0512028,0.670556,0.123931],"p":[25.2992,-1.36995,-24.4827],"pos_err":34.4953,"pcov":[0.364157,-0.0264525,0.362372,-0.0264525,1.94509,-0.153856,0.362372,-0.153856,0.643819]}
{"type":"gt","t":5.8,"q":[0.996811,0,0,0.0797953],"p":[0.923204,0.266267,-0.135223]}
{"type":"est","t":5.8,"q":[0.748285,0.0642375,0.652911,0.0982383],"p":[27.2176,-2.27496,-24.7147],"pos_err":36.0833,"pcov":[0.261443,0.0570637,0.121922,0.0570637,0.327784,0.067408,0.121922,0.067408,0.20338]}
{"type":"gt","t":5.85,"q":[0.997111,0,0,0.0759628],"p":[0.931,0.253453,-0.131086]}
{"type":"est","t":5.85,"q":[0.744461,0.076712,0.65843,0.0797749],"p":[27.9818,-3.13719,-26.0475],"pos_err":37.6152,"pcov":[0.318778,0.0763705,0.149124,0.0763705,0.379979,0.0895375,0.149124,0.0895375,0.233853]}
{"type":"gt","t":5.9,"q":[0.9974,0,0,0.0720609],"p":[0.938409,0.240411,-0.126478]}
{"type":"est","t":5.9,"q":[0.617872,0.181653,0.763053,-0.0546493],"p":[15.0188,-10.5786,-35.8862],"pos_err":39.9257,"pcov":[0.112775,-0.0201765,0.0126979,-0.0201765,0.0515626,-0.00901648,0.0126979,-0.00901648,0.0457147]}
{"type":"gt","t":5.95,"q":[0.997679,0,0,0.0680931],"p":[0.945423,0.227153,-0.121415]}
{"type":"est","t":5.95,"q":[0.616752,0.178053,0.764582,-0.0577047],"p":[15.8175,-11.0171,-37.255],"pos_err":41.5514,"pcov":[0.130103,-0.0236756,0.015572,-0.0236756,0.059251,-0.0107631,0.015572,-0.0107631,0.0506152]}
{"type":"gt","t":6,"q":[0.997946,0,0,0.0640631],"p":[0.952036,0.21369,-0.115915]}
{"type":"est","t":6,"q":[0.614773,0.174424,0.766727,-0.0613186],"p":[16.5586,-11.4856,-38.6791],"pos_err":43.2152,"pcov":[0.150421,-0.0277533,0.0189492,-0.0277533,0.0681662,-0.0127643,0.0189492,-0.0127643,0.0559521]}
{"type":"gt","t":6.05,"q":[0.9982,0,0,0.0599744],"p":[0.958242,0.200035,-0.109997]}
{"type":"est","t":6.05,"q":[0.613574,0.170732,0.768259,-0.0644594],"p":[17.402,-11.9427,-40.1053],"pos_err":44.9162,"pcov":[0.17429,-0.0324987,0.0229573,-0.0324987,0.0785052,-0.0150604,0.0229573,-0.0150604,0.0617822]}
{"type":"gt","t":6.1,"q":[0.99844,0,0,0.0558308],"p":[0.964036,0.1862,-0.103684]}
{"type":"est","t":6.1,"q":[0.53874,0.108961,0.835353,0.0084589],"p":[13.3297,-6.69403,-44.6019],"pos_err":46.6941,"pcov":[0.164671,-0.0074996,0.0139039,-0.0074996,0.0651983,-0.00644177,0.0139039,-0.00644177,0.062949]}
{"type":"gt","t":6.15,"q":[0.998666,0,0,0.051636],"p":[0.969413,0.172197,-0.0969976]}
{"type":"est","t":6.15,"q":[0.537644,0.104786,0.836616,0.00574558],"p":[14.0955,-6.9361,-46.2346],"pos_err":48.4923,"pcov":[0.18926,-0.00737963,0.0164523,-0.00737963,0.0741067,-0.00713636,0.0164523,-0.00713636,0.0685969]}
{"type":"gt","t":6.2,"q":[0.998876,0,0,0.0473939],"p":[0.974367,0.158039,-0.0899621]}
{"type":"est","t":6.2,"q":[0.536517,0.100597,0.837867,0.00303447],"p":[14.8848,-7.18191,-47.9001],"pos_err":50.3307,"pcov":[0.217597,-0.00716464,0.0194256,-0.00716464,0.084292,-0.00789024,0.0194256,-0.00789024,0.0746568]}
{"type":"gt","t":6.25,"q":[0.99907,0,0,0.0431083],"p":[0.978894,0.143739,-0.0826028]}
{"type":"est","t":6.25,"q":[0.533222,0.0967312,0.840425,0.00184484],"p":[15.4218,-7.2411,-49.7492],"pos_err":52.2485,"pcov":[0.249147,-0.00707951,0.0219835,-0.00707951,0.0958103,-0.00893682,0.0219835,-0.00893682,0.0802057]}
{"type":"gt","t":6.3,"q":[0.999248,0,0,0.0387832],"p":[0.98299,0.12931,-0.0749463]}
{"type":"est","t":6.3,"q":[0.532105,0.0924545,0.841615,-0.000890137],"p":[16.2507,-7.48849,-51.4867],"pos_err":54.1692,"pcov":[0.286183,-0.00669289,0.025863,-0.00669289,0.108971,-0.00986611,0.025863,-0.00986611,0.0870494]}
{"type":"gt","t":6.35,"q":[0.999407,0,0,0.0344224],"p":[0.986651,0.114764,-0.06702]}
{"type":"est","t":6.35,"q":[0.520539,0.0906992,0.849006,0.00129984],"p":[15.8584,-7.05151,-53.8529],"pos_err":56.2623,"pcov":[0.326616,-0.0062018,0.0298207,-0.0062018,0.123744,-0.0110267,0.0298207,-0.0110267,0.0931241]}
{"type":"gt","t":6.4,"q":[0.999549,0,0,0.03003],"p":[0.989874,0.100115,-0.0588525]}
{"type":"est","t":6.4,"q":[0.512717,0.0900283,0.853825,-0.000242286],"p":[15.8399,-6.94292,-56.0489],"pos_err":58.3525,"pcov":[0.373634,-0.00562415,0.034493,-0.00562415,0.14048,-0.0120325,0.034493,-0.0120325,0.099805]}
{"type":"gt","t":6.45,"q":[0.999672,0,0,0.02561],"p":[0.992657,0.0853759,-0.0504733]}
{"type":"est","t":6.45,"q":[0.372366,0.171284,0.91178,-0.025755],"p":[-0.888893,-4.41192,-61.3238],"pos_err":61.467,"pcov":[0.253122,-0.0170515,0.0229571,-0.0170515,0.131597,-0.0137603,0.0229571,-0.0137603,0.0948407]}
{"type":"gt","t":6.5,"q":[0.999776,0,0,0.0211664],"p":[0.994996,0.07056,-0.0419123]}
{"type":"est","t":6.5,"q":[0.359351,0.163981,0.918434,-0.0213718],"p":[-1.77798,-3.92307,-63.4952],"pos_err":63.6393,"pcov":[0.281823,-0.0164486,0.0262356,-0.0164486,0.145464,-0.0159714,0.0262356,-0.0159714,0.100914]}
{"type":"gt","t":6.55,"q":[0.99986,0,0,0.0167034],"p":[0.99689,0.0556806,-0.0332006]}
{"type":"est","t":6.55,"q":[0.358134,0.159146,0.91972,-0.022979],"p":[-1.41025,-4.11538,-65.6875],"pos_err":65.8307,"pcov":[0.316864,-0.0185708,0.0293728,-0.0185708,0.163895,-0.0177017,0.0293728,-0.0177017,0.107248]}
{"type":"gt","t":6.6,"q":[0.999925,0,0,0.012225],"p":[0.998337,0.0407511,-0.0243693]}
{"type":"est","t":6.6,"q":[0.35688,0.154231,0.921,-0.0246732],"p":[-1.0288,-4.32539,-67.9186],"pos_err":68.0647,"pcov":[0.356141,-0.0210133,0.0329559,-0.0210133,0.184486,-0.0196574,0.0329559,-0.0196574,0.114024]}
{"type":"gt","t":6.65,"q":[0.99997,0,0,0.00773539],"p":[0.999335,0.0257849,-0.0154503]}
{"type":"est","t":6.65,"q":[0.326767,0.141267,0.934451,-0.00829775],"p":[-3.97566,-2.50755,-70.1812],"pos_err":70.3875,"pcov":[0.395688,-0.0200153,0.0371121,-0.0200153,0.203803,-0.0219988,0.0371121,-0.0219988,0.121039]}
{"type":"gt","t":6.7,"q":[0.999995,0,0,0.00323864],"p":[0.999883,0.0107955,-0.00647578]}
{"type":"est","t":6.7,"q":[0.325532,0.136272,0.935608,-0.00982959],"p":[-3.64642,-2.65987,-72.5217],"pos_err":72.713,"pcov":[0.44374,-0.022432,0.0412015,-0.022432,0.228566,-0.0240843,0.0412015,-0.0240843,0.128185]}
{"type":"gt","t":6.75,"q":[0.999999,-0,-0,-0.00126109],"p":[0.999982,-0.00420362,0.00252209]}
{"type":"est","t":6.75,"q":[0.324278,0.131255,0.936743,-0.0113466],"p":[-3.30047,-2.81598,-74.9046],"pos_err":75.0832,"pcov":[0.497053,-0.0251314,0.0457024,-0.0251314,0.255915,-0.0263052,0.0457024,-0.0263052,0.135632]}
{"type":"gt","t":6.8,"q":[0.999983,-0,-0,-0.00575965],"p":[0.999631,-0.019199,0.0115109]}
{"type":"est","t":6.8,"q":[0.286482,0.120712,0.950372,0.0122471],"p":[-7.52942,0.257935,-77.0794],"pos_err":77.5617,"pcov":[0.539259,-0.013938,0.0508354,-0.013938,0.273921,-0.0289371,0.0508354,-0.0289371,0.143133]}
{"type":"gt","t":6.85,"q":[0.999947,-0,-0,-0.0102529],"p":[0.998831,-0.034177,0.0204582]}
{"type":"est","t":6.85,"q":[0.277092,0.120856,0.953178,0.00810978],"p":[-8.39688,0.196905,-79.4279],"pos_err":80.0024,"pcov":[0.588412,-0.0146962,0.0565484,-0.0146962,0.305239,-0.0310909,0.0565484,-0.0310909,0.150718]}
{"type":"gt","t":6.9,"q":[0.999891,-0,-0,-0.0147368],"p":[0.997581,-0.0491243,0.029332]}
{"type":"est","t":6.9,"q":[0.254671,-0.101064,0.958165,0.0827566],"p":[-9.35864,-1.47445,-81.8985],"pos_err":82.5921,"pcov":[0.969453,-0.0439192,0.061373,-0.0439192,0.486757,-0.0333895,0.061373,-0.0333895,0.157802]}
{"type":"gt","t":6.95,"q":[0.999816,-0,-0,-0.019207],"p":[0.995884,-0.0640274,0.0381002]}
{"type":"est","t":6.95,"q":[0.253844,-0.1062,0.957952,0.0813177],"p":[-9.14157,-1.35844,-84.4722],"pos_err":85.126,"pcov":[1.06016,-0.0739986,0.0665957,-0.0739986,0.63788,-0.0300747,0.0665957,-0.0300747,0.16708]}
{"type":"gt","t":7,"q":[0.99972,-0,-0,-0.0236596],"p":[0.99374,-0.0788728,0.0467312]}
{"type":"est","t":7,"q":[0.245057,0.0199887,0.961741,0.120836],"p":[-10.9494,8.99886,-86.4412],"pos_err":87.7793,"pcov":[0.716804,-0.0293586,0.0724803,-0.0293586,0.34108,-0.027317,0.0724803,-0.027317,0.169038]}
{"type":"gt","t":7.05,"q":[0.999605,-0,-0,-0.0280905],"p":[0.991152,-0.0936473,0.0551941]}
{"type":"est","t":7.05,"q":[0.264576,0.035353,0.956487,0.117825],"p":[-6.16663,10.4309,-89.4348],"pos_err":90.3906,"pcov":[0.77686,-0.0387567,0.0793916,-0.0387567,0.393409,-0.0256313,0.0793916,-0.0256313,0.177163]}
{"type":"gt","t":7.1,"q":[0.999472,-0,-0,-0.0324955],"p":[0.988122,-0.108338,0.0634583]}
{"type":"est","t":7.1,"q":[0.285169,0.0308002,0.950919,0.116114],"p":[-1.60223,10.8214,-92.3125],"pos_err":93.0563,"pcov":[0.854856,-0.0518376,0.0864012,-0.0518376,0.458449,-0.0238616,0.0864012,-0.0238616,0.186173]}
{"type":"gt","t":7.15,"q":[0.99932,-0,-0,-0.0368707],"p":[0.984653,-0.12293,0.0714942]}
{"type":"est","t":7.15,"q":[0.284493,0.0257312,0.951416,0.114931],"p":[-1.05671,11.102,-95.0427],"pos_err":95.7961,"pcov":[0.943772,-0.0666205,0.0942088,-0.0666205,0.542827,-0.0210856,0.0942088,-0.0210856,0.195929]}
{"type":"gt","t":7.2,"q":[0.99915,-0,-0,-0.041212],"p":[0.980747,-0.137412,0.0792727]}
{"type":"est","t":7.2,"q":[0.29993,-0.21323,0.892165,0.261948],"p":[0.883127,28.6856,-94.2083],"pos_err":98.5947,"pcov":[1.54655,-0.102538,0.101486,-0.102538,0.731095,-0.0228803,0.101486,-0.0228803,0.205776]}
{"type":"gt","t":7.25,"q":[0.998964,-0,-0,-0.0455155],"p":[0.976409,-0.151771,0.086766]}
{"type":"est","t":7.25,"q":[0.300195,-0.219313,0.891183,0.259955],"p":[1.43199,29.7513,-96.8212],"pos_err":101.418,"pcov":[1.66066,-0.194203,0.0944752,-0.194203,0.913884,0.0073085,0.0944752,0.0073085,0.221867]}
{"type":"gt","t":7.3,"q":[0.99876,-0,-0,-0.0497772],"p":[0.971642,-0.165993,0.093947]}
{"type":"est","t":7.3,"q":[0.300458,-0.225358,0.89016,0.257979],"p":[1.99305,30.8316,-99.4739],"pos_err":104.286,"pcov":[1.80706,-0.317594,0.0784951,-0.317594,1.14336,0.0519284,0.0784951,0.0519284,0.247138]}
{"type":"gt","t":7.35,"q":[0.998541,-0,-0,-0.0539932],"p":[0.966451,-0.180065,0.10079]}
{"type":"est","t":7.35,"q":[0.194031,0.870149,0.0685188,-0.44777],"p":[-43.251,-28.1633,-95.1991],"pos_err":108.721,"pcov":[0.899281,0.113213,0.0967686,0.113213,0.802275,0.0250771,0.0967686,0.0250771,0.245922]}
{"type":"gt","t":7.4,"q":[0.998307,-0,-0,-0.0581598],"p":[0.96084,-0.193975,0.10727]}
{"type":"est","t":7.4,"q":[0.191224,0.870738,0.0743252,-0.446906],"p":[-45.018,-28.9601,-97.5062],"pos_err":111.669,"pcov":[0.951483,0.150059,0.104722,0.150059,0.762644,0.0212673,0.104722,0.0212673,0.264071]}
{"type":"gt","t":7.45,"q":[0.998059,-0,-0,-0.0622731],"p":[0.954814,-0.207711,0.113364]}
{"type":"est","t":7.45,"q":[0.188425,0.871277,0.0800777,-0.446048],"p":[-46.8047,-29.7659,-99.8487],"pos_err":114.661,"pcov":[1.01528,0.184593,0.111922,0.184593,0.730332,0.0158671,0.111922,0.0158671,0.283996]}
{"type":"gt","t":7.5,"q":[0.997798,-0,-0,-0.0663293],"p":[0.948379,-0.22126,0.11905]}
{"type":"est","t":7.5,"q":[0.185636,0.871788,0.0857595,-0.445164],"p":[-48.6108,-30.5809,-102.226],"pos_err":117.696,"pcov":[1.09244,0.216556,0.118031,0.216556,0.706109,0.00887453,0.118031,0.00887453,0.30589]}
{"type":"gt","t":7.55,"q":[0.997524,-0,-0,-0.0703249],"p":[0.941541,-0.23461,0.124308]}
{"type":"est","t":7.55,"q":[0.182866,0.872277,0.0914234,-0.444223],"p":[-50.4363,-31.405,-104.64],"pos_err":120.776,"pcov":[1.18493,0.245682,0.122687,0.245682,0.690787,0.000287632,0.122687,0.000287632,0.329961]}
{"type":"gt","t":7.6,"q":[0.997239,-0,-0,-0.0742562],"p":[0.934305,-0.247749,0.129118]}
{"type":"est","t":7.6,"q":[0.180114,0.872744,0.0970224,-0.443241],"p":[-52.2812,-32.2383,-107.089],"pos_err":123.899,"pcov":[1.29489,0.271707,0.1255,0.271707,0.685223,-0.00989612,0.1255,-0.00989612,0.356443]}
{"type":"gt","t":7.65,"q":[0.996944,-0,-0,-0.0781196],"p":[0.926678,-0.260664,0.133464]}
{"type":"est","t":7.65,"q":[0.177406,0.873154,0.102579,-0.442274],"p":[-54.1424,-33.0834,-109.573],"pos_err":127.065,"pcov":[1.65046,0.333426,0.125904,0.333426,1.0133,-0.0221038,0.125904,-0.0221038,0.385588]}
{"type":"gt","t":7.7,"q":[0.99664,-0,-0,-0.0819118],"p":[0.918667,-0.273346,0.137329]}
{"type":"est","t":7.7,"q":[0.174726,0.873545,0.108059,-0.441262],"p":[-56.0256,-33.9352,-112.093],"pos_err":130.275,"pcov":[1.83508,0.366386,0.143514,0.366386,0.921178,-0.0297552,0.143514,-0.0297552,0.420134]}
{"type":"gt","t":7.75,"q":[0.996327,-0,-0,-0.0856292],"p":[0.91028,-0.285781,0.1407]}
{"type":"est","t":7.75,"q":[0.162678,0.871972,0.0648664,-0.457158],"p":[-60.6567,-32.8515,-112.454],"pos_err":132.396,"pcov":[1.54439,0.23336,0.113308,0.23336,0.812014,-0.0557922,0.113308,-0.0557922,0.452138]}
{"type":"gt","t":7.8,"q":[0.996008,-0,-0,-0.0892686],"p":[0.901523,-0.297959,0.143565]}
{"type":"est","t":7.8,"q":[0.37568,0.329576,0.8631,-0.0728172],"p":[36.3274,-23.1209,-127.903],"pos_err":134.803,"pcov":[1.9817,0.20368,0.0643987,0.20368,1.19544,-0.0737609,0.0643987,-0.0737609,0.481815]}
{"type":"gt","t":7.85,"q":[0.995682,-0,-0,-0.0928267],"p":[0.892405,-0.309868,0.145913]}
{"type":"est","t":7.85,"q":[0.373648,0.326702,0.865035,-0.0732577],"p":[37.41,-24.0391,-130.804],"pos_err":138.001,"pcov":[2.12185,0.295129,0.0812187,0.295129,1.47528,-0.0783779,0.0812187,-0.0783779,0.515651]}
{"type":"gt","t":7.9,"q":[0.995352,-0,-0,-0.0963003],"p":[0.882934,-0.321499,0.147736]}
